2.333333E-1 1.235617E-30 1.087691E-32 1.751623E-46 1.751623E-46 2.663237E-32 4.710363E-31
2.666667E-1 1.235617E-30 1.087691E-32 1.751623E-46 1.751623E-46 2.663237E-32 4.710363E-31
3.000000E-1 1.235617E-30 1.087691E-32 1.751623E-46 1.751623E-46 2.663237E-32 4.710363E-31
3.333333E-1 1.235617E-30 1.087691E-32 1.751623E-46 1.751623E-46 2.663237E-32 4.710363E-31
3.666667E-1 1.235617E-30 1.087691E-32 1.751623E-46 1.751623E-46 2.094307E-32 4.698463E-31
4.000000E-1 1.235617E-30 1.087691E-32 1.751623E-46 1.751623E-46 2.094307E-32 4.698463E-31
4.333333E-1 1.235617E-30 1.087691E-32 1.751623E-46 1.751623E-46 2.094307E-32 4.698463E-31
4.666667E-1 1.235617E-30 1.087691E-32 1.751623E-46 1.751623E-46 2.094307E-32 4.698463E-31
5.000000E-1 1.235617E-30 1.087691E-32 1.751623E-46 1.751623E-46 2.094307E-32 4.698463E-31
5.333333E-1 1.235617E-30 1.087691E-32 1.751623E-46 1.751623E-46 2.094307E-32 4.698463E-31
5.666667E-1 1.235617E-30 1.087691E-32 1.751623E-46 1.751623E-46 2.220334E-32 4.561779E-31
6.000000E-1 1.235617E-30 1.087691E-32 1.751623E-46 1.751623E-46 2.220334E-32 4.561779E-31
6.333333E-1 1.235617E-30 1.087691E-32 1.751623E-46 1.751623E-46 1.757363E-32 4.641169E-31
6.666667E-1 1.235617E-30 1.087691E-32 1.751623E-46 1.751623E-46 1.757363E-32 4.641169E-31
7.000000E-1 1.235617E-30 1.087691E-32 1.751623E-46 1.751623E-46 1.757363E-32 4.641169E-31
7.333333E-1 1.235617E-30 1.087691E-32 1.751623E-46 1.751623E-46 1.757363E-32 4.641169E-31
7.666667E-1 1.235617E-30 1.087691E-32 1.751623E-46 1.751623E-46 1.303423E-32 4.617970E-31
8.000000E-1 1.235617E-30 1.087691E-32 1.751623E-46 1.751623E-46 1.303423E-32 4.617970E-31
8.333333E-1 1.235617E-30 1.087691E-32 1.751623E-46 1.751623E-46 1.189436E-32 4.617870E-31
8.666667E-1 1.235617E-30 1.087691E-32 1.751623E-46 1.751623E-46 8.434621E-33 4.663163E-31
9.000000E-1 1.235617E-30 1.087691E-32 1.751623E-46 1.751623E-46 6.164919E-33 4.651564E-31
9.333333E-1 1.235617E-30 1.087691E-32 1.751623E-46 1.751623E-46 6.164919E-33 4.651564E-31
9.666667E-1 1.235617E-30 1.087691E-32 1.751623E-46 1.751623E-46 6.164919E-33 4.651564E-31
1.000000E0 1.235617E-30 1.087691E-32 1.751623E-46 1.751623E-46 3.955422E-33 4.571572E-31
1.033333E0 1.235617E-30 1.087691E-32 1.751623E-46 1.751623E-46 5.458522E-34 4.559873E-31
1.066667E0 1.235617E-30 1.087691E-32 1.751623E-46 1.751623E-46 -2.873751E-33 4.559572E-31
1.100000E0 1.235617E-30 1.087691E-32 1.751623E-46 1.751623E-46 -6.293355E-33 4.559271E-31
1.133333E0 1.235617E-30 1.087691E-32 1.751623E-46 1.751623E-46 -5.153487E-33 4.559371E-31
1.166667E0 1.235617E-30 1.087691E-32 1.751623E-46 1.751623E-46 -3.993551E-33 4.536674E-31
1.200000E0 1.235617E-30 1.087691E-32 1.751623E-46 1.751623E-46 -7.383053E-33 4.502177E-31
1.233333E0 1.235617E-30 1.087691E-32 1.751623E-46 1.751623E-46 -7.383053E-33 4.502177E-31
1.266667E0 1.235617E-30 1.087691E-32 1.751623E-46 1.751623E-46 -9.662788E-33 4.501976E-31
1.300000E0 1.235617E-30 1.087691E-32 1.751623E-46 1.751623E-46 -9.662788E-33 4.501976E-31
1.333333E0 1.235617E-30 1.087691E-32 1.751623E-46 1.751623E-46 -9.662788E-33 4.501976E-31
1.366667E0 1.235617E-30 1.087691E-32 1.751623E-46 1.751623E-46 -9.662788E-33 4.501976E-31
1.400000E0 1.235617E-30 1.087691E-32 1.751623E-46 1.751623E-46 -9.662788E-33 4.501976E-31
1.433333E0 1.235617E-30 1.087691E-32 1.751623E-46 1.751623E-46 -9.662788E-33 4.501976E-31
1.466667E0 1.235617E-30 1.087691E-32 1.751623E-46 1.751623E-46 -9.662788E-33 4.501976E-31
1.500000E0 1.235617E-30 1.087691E-32 1.751623E-46 1.751623E-46 -9.662788E-33 4.501976E-31
1.533333E0 1.235617E-30 1.087691E-32 1.751623E-46 1.751623E-46 -9.662788E-33 4.501976E-31
1.566667E0 1.235617E-30 1.087691E-32 1.751623E-46 1.751623E-46 -9.662788E-33 4.501976E-31
1.600000E0 1.235617E-30 1.087691E-32 1.751623E-46 1.751623E-46 -9.662788E-33 4.501976E-31
1.633333E0 1.235617E-30 1.087691E-32 1.751623E-46 1.751623E-46 -9.662788E-33 4.501976E-31
1.666667E0 1.235617E-30 1.087691E-32 1.751623E-46 1.751623E-46 -9.662788E-33 4.501976E-31
1.700000E0 1.235617E-30 1.087691E-32 1.751623E-46 1.751623E-46 -9.662788E-33 4.501976E-31
1.733333E0 1.235617E-30 1.087691E-32 1.751623E-46 1.751623E-46 -9.662788E-33 4.501976E-31
1.766667E0 1.235617E-30 1.087691E-32 1.751623E-46 1.751623E-46 -9.662788E-33 4.501976E-31
1.800000E0 1.235617E-30 1.087691E-32 1.751623E-46 1.751623E-46 -9.662788E-33 4.501976E-31
1.833333E0 1.235617E-30 1.087691E-32 1.751623E-46 1.751623E-46 -9.662788E-33 4.501976E-31
1.866667E0 1.235617E-30 1.087691E-32 1.751623E-46 1.751623E-46 -9.662788E-33 4.501976E-31
1.900000E0 1.235617E-30 1.087691E-32 1.751623E-46 1.751623E-46 -8.452682E-33 4.422286E-31
1.933333E0 1.235617E-30 1.087691E-32 1.751623E-46 1.751623E-46 -8.452682E-33 4.422286E-31
1.966667E0 1.235617E-30 1.087691E-32 1.751623E-46 1.751623E-46 -8.452682E-33 4.422286E-31
2.000000E0 1.235617E-30 1.087691E-32 1.751623E-46 1.751623E-46 -1.409182E-32 4.353392E-31
2.033333E0 1.235617E-30 1.087691E-32 1.751623E-46 1.751623E-46 -1.409182E-32 4.353392E-31
2.066667E0 1.228878E-30 -5.819748E-34 1.751623E-46 1.751623E-46 -1.409182E-32 4.353392E-31
2.100000E0 1.228878E-30 -5.819748E-34 1.751623E-46 1.751623E-46 -1.409182E-32 4.353392E-31
2.133333E0 1.228878E-30 -5.819748E-34 1.751623E-46 1.751623E-46 -1.405168E-32 4.307797E-31
2.166667E0 1.228878E-30 -5.819748E-34 1.751623E-46 1.751623E-46 -1.405168E-32 4.307797E-31
2.200000E0 1.228878E-30 -5.819748E-34 1.751623E-46 1.751623E-46 -1.405168E-32 4.307797E-31
2.233333E0 1.228878E-30 -5.819748E-34 1.751623E-46 1.751623E-46 -1.405168E-32 4.307797E-31
2.266667E0 1.228878E-30 -5.819748E-34 1.751623E-46 1.751623E-46 -1.855095E-32 4.239004E-31
2.300000E0 1.228878E-30 -5.819748E-34 1.751623E-46 1.751623E-46 -1.855095E-32 4.239004E-31
2.333333E0 1.228878E-30 -5.819748E-34 1.751623E-46 1.751623E-46 -1.855095E-32 4.239004E-31
2.366667E0 1.228878E-30 -5.819748E-34 1.751623E-46 1.751623E-46 -1.855095E-32 4.239004E-31
2.400000E0 1.228878E-30 -5.819748E-34 1.751623E-46 1.751623E-46 -1.855095E-32 4.239004E-31
2.433333E0 1.228878E-30 -5.819748E-34 1.751623E-46 1.751623E-46 -1.855095E-32 4.239004E-31
2.466667E0 1.228878E-30 -5.819748E-34 1.751623E-46 1.751623E-46 -1.855095E-32 4.239004E-31
2.500000E0 1.228878E-30 -5.819748E-34 1.751623E-46 1.751623E-46 -1.855095E-32 4.239004E-31
2.533333E0 1.228878E-30 -5.819748E-34 1.751623E-46 1.751623E-46 -1.855095E-32 4.239004E-31
2.566667E0 1.228878E-30 -5.819748E-34 1.751623E-46 1.751623E-46 -1.855095E-32 4.239004E-31
2.600000E0 1.228878E-30 -5.819748E-34 1.751623E-46 1.751623E-46 -1.855095E-32 4.239004E-31
2.633333E0 1.228878E-30 -5.819748E-34 1.751623E-46 1.751623E-46 -1.855095E-32 4.239004E-31
2.666667E0 1.228918E-30 -5.141446E-33 1.751623E-46 1.751623E-46 -1.855095E-32 4.239004E-31
2.700000E0 1.228918E-30 -5.141446E-33 1.751623E-46 1.751623E-46 -2.295991E-32 4.067622E-31
2.733333E0 1.228918E-30 -5.141446E-33 1.751623E-46 1.751623E-46 -2.295991E-32 4.067622E-31
2.766667E0 1.228918E-30 -5.141446E-33 1.751623E-46 1.751623E-46 -2.295991E-32 4.067622E-31
2.800000E0 1.228918E-30 -5.141446E-33 1.751623E-46 1.751623E-46 -2.295991E-32 4.067622E-31
2.833333E0 1.228918E-30 -5.141446E-33 1.751623E-46 1.751623E-46 -2.750935E-32 4.055822E-31
2.866667E0 1.228918E-30 -5.141446E-33 1.751623E-46 1.751623E-46 -2.750935E-32 4.055822E-31
2.900000E0 1.228918E-30 -5.141446E-33 1.751623E-46 1.751623E-46 -3.544828E-32 4.009525E-31
2.933333E0 1.228918E-30 -5.141446E-33 1.751623E-46 1.751623E-46 -3.544828E-32 4.009525E-31
2.966667E0 1.228918E-30 -5.141446E-33 1.751623E-46 1.751623E-46 -3.544828E-32 4.009525E-31
3.000000E0 1.228918E-30 -5.141446E-33 1.751623E-46 1.751623E-46 -4.452709E-32 3.963128E-31
3.033333E0 1.228918E-30 -5.141446E-33 1.751623E-46 1.751623E-46 -4.452709E-32 3.963128E-31
3.066667E0 1.228918E-30 -5.141446E-33 1.751623E-46 1.751623E-46 -4.452709E-32 3.963128E-31
3.100000E0 1.228918E-30 -5.141446E-33 1.751623E-46 1.751623E-46 -4.452709E-32 3.963128E-31
3.133333E0 1.228918E-30 -5.141446E-33 1.751623E-46 1.751623E-46 -4.452709E-32 3.963128E-31
3.166667E0 1.228918E-30 -5.141446E-33 1.751623E-46 1.751623E-46 -4.452709E-32 3.963128E-31
3.200000E0 1.228918E-30 -5.141446E-33 1.751623E-46 1.751623E-46 -5.022643E-32 3.962626E-31
3.233333E0 1.228918E-30 -5.141446E-33 1.751623E-46 1.751623E-46 -5.022643E-32 3.962626E-31
3.266667E0 1.228918E-30 -5.141446E-33 1.751623E-46 1.751623E-46 -5.022643E-32 3.962626E-31
3.300000E0 1.228918E-30 -5.141446E-33 1.751623E-46 1.751623E-46 -5.022643E-32 3.962626E-31
3.333333E0 1.228918E-30 -5.141446E-33 1.751623E-46 1.751623E-46 -5.022643E-32 3.962626E-31
3.366667E0 1.228918E-30 -5.141446E-33 1.751623E-46 1.751623E-46 -5.022643E-32 3.962626E-31
3.400000E0 1.228918E-30 -5.141446E-33 1.751623E-46 1.751623E-46 -5.822557E-32 3.984721E-31
3.433333E0 1.228918E-30 -5.141446E-33 1.751623E-46 1.751623E-46 -5.822557E-32 3.984721E-31
3.466667E0 1.228918E-30 -5.141446E-33 1.751623E-46 1.751623E-46 -5.822557E-32 3.984721E-31
3.500000E0 1.228918E-30 -5.141446E-33 1.751623E-46 1.751623E-46 -5.822557E-32 3.984721E-31
3.533333E0 1.228918E-30 -5.141446E-33 1.751623E-46 1.751623E-46 -5.822557E-32 3.984721E-31
3.566667E0 1.228918E-30 -5.141446E-33 1.751623E-46 1.751623E-46 -5.822557E-32 3.984721E-31
3.600000E0 1.228918E-30 -5.141446E-33 1.751623E-46 1.751623E-46 -5.822557E-32 3.984721E-31
3.633333E0 1.228918E-30 -5.141446E-33 1.751623E-46 1.751623E-46 -6.626485E-32 4.052411E-31
3.666667E0 1.228918E-30 -5.141446E-33 1.751623E-46 1.751623E-46 -6.626485E-32 4.052411E-31
3.700000E0 1.228918E-30 -5.141446E-33 1.751623E-46 1.751623E-46 -6.626485E-32 4.052411E-31
3.733333E0 1.228918E-30 -5.141446E-33 1.751623E-46 1.751623E-46 -6.626485E-32 4.052411E-31
3.766667E0 1.228918E-30 -5.141446E-33 1.751623E-46 1.751623E-46 -7.197423E-32 4.063308E-31
3.800000E0 1.228918E-30 -5.141446E-33 1.751623E-46 1.751623E-46 -7.197423E-32 4.063308E-31
3.833333E0 1.228918E-30 -5.141446E-33 1.751623E-46 1.751623E-46 -7.197423E-32 4.063308E-31
3.866667E0 1.228918E-30 -5.141446E-33 1.751623E-46 1.751623E-46 -7.197423E-32 4.063308E-31
3.900000E0 1.228918E-30 -5.141446E-33 1.751623E-46 1.751623E-46 -8.337291E-32 4.062304E-31
3.933333E0 1.228918E-30 -5.141446E-33 1.751623E-46 1.751623E-46 -8.337291E-32 4.062304E-31
3.966667E0 1.228918E-30 -5.141446E-33 1.751623E-46 1.751623E-46 -8.337291E-32 4.062304E-31
4.000000E0 1.228918E-30 -5.141446E-33 1.751623E-46 1.751623E-46 -8.337291E-32 4.062304E-31
4.033333E0 1.228918E-30 -5.141446E-33 1.751623E-46 1.751623E-46 -8.337291E-32 4.062304E-31
4.066667E0 1.228918E-30 -5.141446E-33 1.751623E-46 1.751623E-46 -8.797251E-32 4.107498E-31
4.100000E0 1.228918E-30 -5.141446E-33 1.751623E-46 1.751623E-46 -8.797251E-32 4.107498E-31
4.133333E0 1.228918E-30 -5.141446E-33 1.751623E-46 1.751623E-46 -8.797251E-32 4.107498E-31
4.166667E0 1.228918E-30 -5.141446E-33 1.751623E-46 1.751623E-46 -8.797251E-32 4.107498E-31
4.200000E0 1.228918E-30 -5.141446E-33 1.751623E-46 1.751623E-46 -8.797251E-32 4.107498E-31
4.233333E0 1.228918E-30 -5.141446E-33 1.751623E-46 1.751623E-46 -8.797251E-32 4.107498E-31
4.266667E0 1.228918E-30 -5.141446E-33 1.751623E-46 1.751623E-46 -9.138208E-32 4.095798E-31
4.300000E0 1.228918E-30 -5.141446E-33 1.751623E-46 1.751623E-46 -9.138208E-32 4.095798E-31
4.333333E0 1.228918E-30 -5.141446E-33 1.751623E-46 1.751623E-46 -9.138208E-32 4.095798E-31
4.366667E0 1.228918E-30 -5.141446E-33 1.751623E-46 1.751623E-46 -9.138208E-32 4.095798E-31
4.400000E0 1.228918E-30 -5.141446E-33 1.751623E-46 1.751623E-46 -9.138208E-32 4.095798E-31
4.433333E0 1.228918E-30 -5.141446E-33 1.751623E-46 1.751623E-46 -9.147239E-32 4.198386E-31
4.466667E0 1.228918E-30 -5.141446E-33 1.751623E-46 1.751623E-46 -9.147239E-32 4.198386E-31
4.500000E0 1.228918E-30 -5.141446E-33 1.751623E-46 1.751623E-46 -9.147239E-32 4.198386E-31
4.533333E0 1.228918E-30 -5.141446E-33 1.751623E-46 1.751623E-46 -9.147239E-32 4.198386E-31
4.566667E0 1.228918E-30 -5.141446E-33 1.751623E-46 1.751623E-46 -9.147239E-32 4.198386E-31
4.600000E0 1.228918E-30 -5.141446E-33 1.751623E-46 1.751623E-46 -9.147239E-32 4.198386E-31
4.633333E0 1.228918E-30 -5.141446E-33 1.751623E-46 1.751623E-46 -9.037266E-32 4.244081E-31
4.666667E0 1.228918E-30 -5.141446E-33 1.751623E-46 1.751623E-46 -9.037266E-32 4.244081E-31
4.700000E0 1.228918E-30 -5.141446E-33 1.751623E-46 1.751623E-46 -9.037266E-32 4.244081E-31
4.733333E0 1.228918E-30 -5.141446E-33 1.751623E-46 1.751623E-46 -9.037266E-32 4.244081E-31
4.766667E0 1.228918E-30 -5.141446E-33 1.751623E-46 1.751623E-46 -9.037266E-32 4.244081E-31
4.800000E0 1.228918E-30 -5.141446E-33 1.751623E-46 1.751623E-46 -9.037266E-32 4.244081E-31
4.833333E0 1.228918E-30 -5.141446E-33 1.751623E-46 1.751623E-46 -9.037266E-32 4.244081E-31
4.866667E0 1.228918E-30 -5.141446E-33 1.751623E-46 1.751623E-46 -9.037266E-32 4.244081E-31
4.900000E0 1.228918E-30 -5.141446E-33 1.751623E-46 1.751623E-46 -9.037266E-32 4.244081E-31
4.933333E0 1.228918E-30 -5.141446E-33 1.751623E-46 1.751623E-46 -9.037266E-32 4.244081E-31
4.966667E0 1.228918E-30 -5.141446E-33 1.751623E-46 1.751623E-46 -9.037266E-32 4.244081E-31
5.000000E0 1.228918E-30 -5.141446E-33 1.751623E-46 1.751623E-46 -9.037266E-32 4.244081E-31
5.033333E0 1.228918E-30 -5.141446E-33 1.751623E-46 1.751623E-46 -9.037266E-32 4.244081E-31
5.066667E0 1.228918E-30 -5.141446E-33 1.751623E-46 1.751623E-46 -9.037266E-32 4.244081E-31
5.100000E0 1.228918E-30 -5.141446E-33 1.751623E-46 1.751623E-46 -9.037266E-32 4.244081E-31
5.133333E0 1.228918E-30 -5.141446E-33 1.751623E-46 1.751623E-46 -9.037266E-32 4.244081E-31
